Neudose
1 99996U 23114.51041667 -.00000031 00000-0 -52816-6 0 00003
2 99999 051.6609 234.5214 0004321 232.3001 269.5133 15.50456434000013

EX2-2
1 99999U     23113.75000000 .00002269 00000-0 24536-3 0 00002
2 99999 051.3970 271.3541 0815341 100.8601 260.3942 13.63783108000010

ARI-2
1 99998U     23113.75000000 .00005428 00000-0 57947-3 0 00004
2 99999 049.8251 274.9192 0833261 138.7715 235.2152 13.60496668000015

YU-2
1 99997U     23113.75000000 .00005428 00000-0 57947-3 0 00004
2 99999 049.8251 274.9192 0833261 138.7715 235.2152 13.60496668000015
