ARKSAT 1                
1 56311U 98067VC  23139.46203922  .00046892  00000+0  72084-3 0  9994
2 56311  51.6377 110.4880 0007250   5.7403 354.3669 15.53740854  3890
AURORASAT               
1 56312U 98067VD  23139.20447598  .00053207  00000+0  81348-3 0  9997
2 56312  51.6374 111.7678 0007003   4.1699 355.9349 15.53837896  3887
EX-ALTA-2               
1 56313U 98067VE  23139.33379889  .00045796  00000+0  70505-3 0  9996
2 56313  51.6371 111.1309 0007117   4.4742 355.6311 15.53711265  3896
LIGHTCUBE               
1 56314U 98067VF  23139.33472062  .00051893  00000+0  79433-3 0  9998
2 56314  51.6369 111.1372 0006685 347.8289  12.2539 15.53818051  3926
NEUDOSE                 
1 56315U 98067VG  23139.92069854  .00036211  00000+0  57503-3 0  9996
2 56315  51.6373 108.2993 0007309 348.3024  11.7795 15.52961092  3960
YUKONSAT                
1 56316U 98067VH  23139.91836977  .00043987  00000+0  68816-3 0  9991
2 56316  51.6377 108.2842 0006944 348.7305  11.3528 15.53286958  3982
